$ 1 0.000005 10.20027730826997 50 5 50 5e-11
r 880 480 880 560 0 1200
g 880 560 880 576 0 0
R 880 480 880 384 0 0 40 16.2 0 0 0.5
r 608 480 608 560 0 100000
g 608 560 608 576 0 0
r 784 480 880 480 0 560000
c 688 480 688 560 0 2.2e-10 2.439999430624279 0
g 688 560 688 576 0 0
b 309 415 658 869 0
b 824 355 933 454 0
w 688 480 608 480 0
x 311 408 338 411 4 12 MCU
x 824 350 908 353 4 12 BTS7006-1EPP
167 448 480 480 480 1024 12
w 608 480 544 480 0
R 544 832 592 832 0 0 40 3.3 0 0 0.5
419 320 480 416 480 1024 12
O 688 480 688 416 1 0
34 zener-7 1 1.7143528192810002e-7 0 2.912089255682168 7 0.1
z 784 560 784 480 2 zener-7
g 784 560 784 576 0 0
x 809 508 826 511 4 24 R
x 826 513 851 516 4 12 ADC
x 891 548 908 551 4 24 R
x 908 553 948 556 4 12 SENSE
x 309 352 355 355 4 24 Idea
w 784 480 688 480 0
o 3 1 0 4099 2.5 0.00009765625 0 2 3 3
o 0 1 0 4099 20 0.025 1 2 0 3
38 2 F1 0 0 48 -1 Voltage
