$ 1 2e-8 69.34413510434165 50 20 50 5e-11
R 256 80 256 32 0 0 40 20 0 0 0.5
a 416 272 336 272 9 15 -15 1000000 0.7999944834295455 0.8 100000
w 224 256 208 256 0
w 208 256 208 208 0
R 304 240 336 240 0 3 700000 1 1 0 0.5
r 512 176 512 224 0 100000
a 304 256 224 256 8 20 -20 1000000 0.8400003983054483 0.5516570454535638 100000
w 208 208 208 160 0
w 336 272 304 272 0
r 336 336 416 336 0 10000
w 336 336 336 272 0
w 416 336 416 288 0
w 464 288 416 288 0
R 416 256 416 224 0 0 40 0.8 0 0 0.5
f 208 160 256 160 33 1.5 320
f 208 96 256 96 32 1.5 320
w 256 144 256 128 0
w 256 128 256 112 0
w 208 160 208 96 0
l 256 128 384 128 0 0.000022 -0.08933715755630664 0
c 384 128 384 176 0 0.000047 5.068374005575719 0.001
g 384 176 384 192 0 0
r 512 128 512 176 0 130000
w 464 288 464 176 0
w 464 176 512 176 0
w 512 128 384 128 0
g 256 176 256 192 0 0
g 512 224 512 256 0 0
r 624 128 624 224 0 46000.54
g 624 224 624 256 0 0
w 624 128 512 128 0
o 28 4 0 4099 20 0.00078125 0 2 28 3
38 28 F1 0 1 100000 -1 Resistance
