$ 1 0.000005 10.20027730826997 50 5 50 5e-11
r 880 480 880 560 0 1200
g 880 560 880 576 0 0
r 608 480 608 560 0 100000
g 608 560 608 576 0 0
r 688 480 784 480 0 560000
c 688 480 688 560 4 2.2e-10 1.0582505094262122 0 0
g 688 560 688 576 0 0
b 309 415 658 869 0
w 688 480 608 480 0
x 311 408 338 411 4 12 MCU
167 448 480 480 480 1024 12
w 608 480 544 480 0
R 544 832 592 832 0 0 40 3.3 0 0 0.5
419 320 480 416 480 1024 12
O 784 480 784 416 1 0
r 784 480 880 480 0 4700
34 zener-7 1 1.7143528192810002e-7 0 2.912089255682168 7 0.1
z 784 560 784 480 2 zener-7
g 784 560 784 576 0 0
x 814 506 865 509 4 12 IS_PROT
x 797 501 814 504 4 24 R
x 717 454 734 457 4 24 R
x 734 459 759 462 4 12 ADC
x 891 548 908 551 4 24 R
x 908 553 948 556 4 12 SENSE
x 309 352 589 355 4 24 Infineon\sRecommendation
w 864 400 848 400 0
w 896 400 912 400 0
S 880 480 880 400 0 1 false 0 2
g 912 336 912 320 0 0
i 912 336 912 400 0 0.01935
x 807 285 891 288 4 12 BTS7006-1EPP
b 808 293 949 456 0
R 848 400 848 304 0 0 40 20 0 0 0.5
O 688 480 688 416 1 0
o 2 1 0 4099 1.25 0.00009765625 0 2 2 3
o 0 1 0 4099 80 0.05 1 2 0 3
38 32 F1 0 0 48 -1 Voltage
38 29 F1 0 0 0.045 -1 Current
